
--- WALKING (Label 0) ---
Means:
  Body Acc:  -0.0152, -0.0080, 0.0038
  Gyro:      -0.2585, 0.1394, -0.0020
  Total Acc: 0.9711, -0.3369, 0.0176
Stds:
  Body Acc:  0.1744, 0.1411, 0.1006
First 5 rows (raw):
  [-0.03167277, -0.08279653, -0.06853677, -0.6562038, 0.5171189, -0.2085947, 0.9455455, -0.4315797, -0.05446144]
  [0.01412998, -0.07904763, -0.06913051, -0.591507, 0.530994, -0.161552, 0.9919555, -0.4264131, -0.05516703]
  [0.04103587, -0.05745413, -0.07174888, -0.5171109, 0.4935294, -0.05489483, 1.019516, -0.403406, -0.05792995]
  [0.08658557, -0.047948, -0.05904872, -0.4840982, 0.5921598, 0.05419245, 1.065764, -0.3924973, -0.04540784]
  [0.09111795, -0.03552277, -0.06262486, -0.5268874, 0.6729227, 0.1216817, 1.071036, -0.3786865, -0.04919597]

--- WALKING_UPSTAIRS (Label 1) ---
Means:
  Body Acc:  -0.0053, -0.0069, -0.0804
  Gyro:      -0.5426, 0.1337, -0.0149
  Total Acc: 0.9625, -0.4030, -0.1255
Stds:
  Body Acc:  0.2136, 0.1861, 0.1799
First 5 rows (raw):
  [0.3655341, 0.1947684, 0.1793688, -0.6440646, 0.610732, -0.07957451, 1.341561, -0.1778423, 0.1356153]
  [0.3693577, 0.178534, 0.1840028, -0.7979474, 0.6172237, 0.1805733, 1.345294, -0.1946752, 0.1406351]
  [0.2459169, 0.1054267, 0.1957682, -0.85209, 0.6316754, 0.2885058, 1.221799, -0.2683821, 0.1528009]
  [0.09100659, 0.1004421, 0.1851896, -0.9533804, 0.5475314, 0.3949263, 1.066884, -0.2739584, 0.1426447]
  [-0.03219023, 0.05049176, 0.1780853, -1.045682, 0.4884653, 0.5220247, 0.943737, -0.3244858, 0.1359918]

--- WALKING_DOWNSTAIRS (Label 2) ---
Means:
  Body Acc:  0.0237, -0.0220, -0.0009
  Gyro:      -0.1123, 0.0142, -0.0193
  Total Acc: 0.9878, -0.3556, 0.0179
Stds:
  Body Acc:  0.2770, 0.1802, 0.1291
First 5 rows (raw):
  [-0.03107048, 0.1951085, -0.008433126, 0.1365671, 0.327327, 0.1042105, 0.9411338, -0.1579942, 0.003445496]
  [0.05265117, 0.306623, -0.02561954, -0.01634791, 0.3076803, 0.08816944, 1.024473, -0.04525256, -0.01424486]
  [0.01995697, 0.3196147, -0.05846607, -0.2837187, 0.2804536, 0.1067889, 0.991353, -0.03098697, -0.04761145]
  [-0.04002072, 0.1878471, -0.07393648, -0.4230722, 0.3116353, 0.07880333, 0.9309128, -0.1614262, -0.06361757]
  [-0.02615638, 0.009158432, -0.07200248, -0.4744862, 0.3943863, -0.06969222, 0.9442813, -0.3387277, -0.06223554]

--- SITTING (Label 3) ---
Means:
  Body Acc:  0.0039, 0.0013, -0.0104
  Gyro:      -0.0232, 0.0005, 0.0431
  Total Acc: 1.0129, -0.1077, 0.1543
Stds:
  Body Acc:  0.0054, 0.0299, 0.0136
First 5 rows (raw):
  [-0.001773176, 0.1050878, -0.0002218668, -0.03434671, -0.1000762, 0.1893471, 1.002248, -0.06538069, 0.1408118]
  [0.01096506, 0.09552877, -0.007309259, -0.04539469, -0.1247294, 0.1699954, 1.014939, -0.07360996, 0.1345335]
  [0.007963687, 0.1025685, -0.01057306, -0.06413291, -0.1205326, 0.1441915, 1.011894, -0.06517988, 0.1321185]
  [0.00491539, 0.1030748, -0.01894041, -0.08857819, -0.1243681, 0.1067065, 1.008806, -0.06322582, 0.1246338]
  [-0.003273622, 0.09251545, -0.00272294, -0.1048109, -0.1235219, 0.07898805, 1.000582, -0.07228275, 0.1417624]

--- STANDING (Label 4) ---
Means:
  Body Acc:  -0.0042, -0.0032, 0.0309
  Gyro:      0.1523, -0.0079, 0.0457
  Total Acc: 0.9938, -0.2675, 0.1387
Stds:
  Body Acc:  0.0213, 0.0153, 0.0625
First 5 rows (raw):
  [0.01165315, -0.02939904, 0.1068262, 0.4374637, 0.5313492, 0.1365279, 1.041216, -0.2697959, 0.02377977]
  [0.01310909, -0.03972867, 0.1524549, 0.4682641, 0.7210685, 0.09762239, 1.041803, -0.280025, 0.07629271]
  [0.01126885, -0.05240586, 0.2168462, 0.4982574, 0.5203284, 0.08355578, 1.039086, -0.2926631, 0.1474754]
  [0.02783073, -0.05210623, 0.2025812, 0.4793957, 0.3726252, 0.02286101, 1.054768, -0.2923837, 0.1399061]
  [0.00231835, -0.04547036, 0.1760102, 0.3898935, 0.4145414, -0.02593917, 1.028376, -0.2858257, 0.1199341]

--- LAYING (Label 5) ---
Means:
  Body Acc:  -0.0214, -0.0041, 0.0045
  Gyro:      0.0262, -0.1386, 0.0898
  Total Acc: -0.1776, 0.7345, 0.6631
Stds:
  Body Acc:  0.0358, 0.0112, 0.0100
First 5 rows (raw):
  [-0.09748642, -0.0170921, 0.009029861, 0.03654161, -0.1258997, 0.0883587, -0.1738997, 0.7218398, 0.6725026]
  [-0.07621497, -0.008666482, 0.01031034, 0.01857963, -0.1409089, 0.1541837, -0.1549654, 0.7304413, 0.6731624]
  [-0.06611055, -0.0127072, 0.01345156, 0.08090098, -0.08082913, 0.2378739, -0.1471629, 0.7265693, 0.6757092]
  [-0.07157868, -0.01654789, 0.01880525, 0.1272815, -0.04843456, 0.2852265, -0.1548976, 0.7228896, 0.6804952]
  [-0.09926768, -0.009270489, 0.0261918, 0.1114363, -0.1414674, 0.264725, -0.1848181, 0.7303197, 0.6873413]
